20000 100 1500 30
338 898
298 391
682 129
41 168
498 600
904 895
920 694
18 248
477 26
91 525
844 122
906 77
276 592
78 678
633 146
176 518
672 129
546 294
442 436
990 320
612 958
290 131
180 725
626 733
934 285
199 200
488 788
95 696
890 7
332 236
251 149
361 346
360 922
163 784
837 791
388 9
329 336
542 636
197 894
478 979
230 694
831 570
131 361
809 319
144 310
896 50
205 53
202 60
801 29
364 85
587 505
620 656
42 310
108 122
83 280
285 147
707 845
859 563
629 722
744 265
454 372
955 456
128 426
338 564
748 954
909 364
219 489
925 247
263 975
445 243
917 866
152 188
294 82
931 283
878 45
524 879
196 211
308 896
548 133
105 321
841 113
102 661
927 721
79 22
391 573
392 66
284 934
646 543
343 965
544 705
206 339
470 65
26 826
763 287
800 868
767 52
840 1000
560 889
709 776
715 477
