547 18
6
18
17
5
18
11
13
1
17
3
18
12
8
16
8
6
8
9
4
1
10
7
15
10
5
17
16
15
9
6
12
1
12
1
16
5
18
2
8
13
12
16
3
4
16
3
4
8
12
11
6
15
11
16
4
8
12
4
8
5
5
12
15
7
1
11
5
15
5
5
15
10
15
16
17
15
13
16
4
3
10
6
1
11
1
15
17
15
18
11
7
4
3
2
12
11
9
13
16
18
10
12
14
13
7
13
10
3
12
13
18
18
15
11
7
16
12
4
4
7
11
7
18
7
18
18
4
5
18
11
9
17
4
17
17
11
4
6
8
16
14
12
16
16
6
18
8
3
12
13
15
17
3
17
16
9
1
12
7
18
5
6
13
18
3
4
2
10
3
15
14
3
15
5
7
10
7
16
13
5
2
1
18
2
13
3
7
9
2
18
3
8
7
2
6
10
1
12
8
11
18
3
18
10
9
12
14
3
11
10
15
11
13
12
14
15
10
2
16
16
14
4
11
18
15
1
13
13
7
15
3
18
6
9
2
14
7
7
17
17
9
6
11
12
3
18
16
11
5
10
3
7
9
4
7
3
11
9
12
12
8
1
13
13
12
13
9
4
14
12
12
1
11
18
18
3
9
9
16
14
6
1
10
16
10
8
17
2
9
8
17
17
16
16
5
9
12
13
18
18
15
10
11
1
6
8
15
8
8
9
14
7
11
10
12
4
8
5
2
2
14
14
13
8
14
12
4
5
9
14
9
11
18
13
7
2
15
8
9
6
12
2
10
2
13
9
15
12
12
1
8
11
13
11
14
5
13
9
2
2
10
3
14
9
3
6
13
16
10
9
1
9
12
4
11
16
11
15
9
15
14
6
13
12
15
8
18
5
9
13
13
9
1
18
8
9
18
2
13
6
8
15
18
5
3
18
7
3
18
14
15
14
18
16
14
17
8
3
12
16
8
1
10
18
10
18
15
17
15
3
15
17
18
9
4
15
15
11
2
18
2
3
15
6
14
5
15
15
14
7
12
2
9
5
15
5
2
3
17
4
2
15
11
7
6
5
11
16
11
1
11
6
5
12
1
6
2
7
1
16
17
5
10
14
4
3
16
14
14
15
8
9
9
5
16
9
12
14
8
18
5
17
11
17
9
5
14
10
4
6
4
11
1
3
3
2
9
8
15
6
13
2
5
11
14
12
12
13
13
14
18
17
8
3
16
15
18
2
2
9
7
1
16
7
2
7
8
