20000 100 147 25
29 87
71 60
7 34
65 30
52 34
54 33
45 85
92 70
10 38
21 72
23 69
76 6
44 72
83 97
8 75
11 26
20 27
23 48
71 35
68 20
57 60
73 48
42 59
74 85
72 21
18 100
44 71
25 16
9 57
91 46
41 63
19 25
36 62
43 87
2 32
60 100
41 44
85 69
35 56
23 83
76 99
55 93
75 81
39 15
85 5
29 61
47 98
62 44
10 13
31 75
48 86
78 88
28 41
38 76
96 83
50 12
2 21
59 6
69 80
37 7
65 82
21 62
18 56
56 29
65 92
6 23
99 64
55 70
6 32
6 33
38 21
41 84
20 26
44 74
21 56
41 60
32 12
14 53
24 55
53 94
57 66
9 94
57 71
2 28
92 84
11 16
87 25
18 47
68 43
40 87
7 36
77 6
67 12
10 22
47 22
41 85
2 59
64 34
38 58
94 80
